0.000000e+00 -3.348886e+00
5.263158e-01 1.077900e+01
1.052632e+00 1.312721e+01
1.578947e+00 2.120879e+01
2.105263e+00 2.063223e+01
2.631579e+00 3.411089e+01
3.157895e+00 6.066644e+01
3.684211e+00 5.507888e+01
4.210526e+00 8.189598e+01
4.736842e+00 9.683438e+01
5.263158e+00 1.175549e+02
5.789474e+00 1.305394e+02
6.315789e+00 1.477079e+02
6.842105e+00 1.851728e+02
7.368421e+00 2.107779e+02
7.894737e+00 2.350856e+02
8.421053e+00 2.663360e+02
8.947368e+00 2.970943e+02
9.473684e+00 3.227923e+02
1.000000e+01 3.523838e+02
