0.000000e+00 -4.786585e+00
1.052632e+00 -4.065870e+00
2.105263e+00 1.796494e-01
3.157895e+00 2.719807e+00
4.210526e+00 2.878523e+00
5.263158e+00 4.527426e+00
6.315789e+00 8.827734e+00
7.368421e+00 1.097722e+01
8.421053e+00 1.179944e+01
9.473684e+00 1.452931e+01
1.052632e+01 1.722463e+01
1.157895e+01 2.109810e+01
1.263158e+01 2.079109e+01
1.368421e+01 2.608018e+01
1.473684e+01 2.600302e+01
1.578947e+01 3.014533e+01
1.684211e+01 2.914247e+01
1.789474e+01 3.328434e+01
1.894737e+01 3.450524e+01
2.000000e+01 3.656262e+01
